Test: 199 relative to 0 in frame J2000. GM= 1172332800.0
JD, RP, ECC, INC, LNODE, ARGP, M0, T0
-------------------------------------
0.0
4210510.62751 0.20000000298 7.0 70.0 15.0 179.908753682 -657287949.8
2215754.21968
4210510.62751 0.20000000298 7.0 70.0 15.0 179.908753682 -657287949.8
4431508.43937
4210510.62751 0.20000000298 7.0 70.0 15.0 179.908753682 -657287949.8
6647262.65905
4210510.62751 0.20000000298 7.0 70.0 15.0 179.908753682 -657287949.8
8863016.87874
4210510.62751 0.20000000298 7.0 70.0 15.0 179.908753682 -657287949.8
11078771.0984
4210510.62751 0.20000000298 7.0 70.0 15.0 179.908753682 -657287949.8
13294525.3181
4210510.62751 0.20000000298 7.0 70.0 15.0 179.908753682 -657287949.8
15510279.5378
4210510.62751 0.20000000298 7.0 70.0 15.0 179.908753682 -657287949.8
17726033.7575
4210510.62751 0.20000000298 7.0 70.0 15.0 179.908753682 -657287949.8
19941787.9772
4210510.62751 0.20000000298 7.0 70.0 15.0 179.908753682 -657287949.8
22157542.1968
4210510.62751 0.20000000298 7.0 70.0 15.0 179.908753682 -657287949.8
24373296.4165
4210510.62751 0.20000000298 7.0 70.0 15.0 179.908753682 -657287949.8
26589050.6362
4210510.62751 0.20000000298 7.0 70.0 15.0 179.908753682 -657287949.8
28804804.8559
4210510.62751 0.20000000298 7.0 70.0 15.0 179.908753682 -657287949.8
31020559.0756
4210510.62751 0.20000000298 7.0 70.0 15.0 179.908753682 -657287949.8
33236313.2953
4210510.62751 0.20000000298 7.0 70.0 15.0 179.908753682 -657287949.8
35452067.5149
4210510.62751 0.20000000298 7.0 70.0 15.0 179.908753682 -657287949.8
37667821.7346
4210510.62751 0.20000000298 7.0 70.0 15.0 179.908753682 -657287949.8
39883575.9543
4210510.62751 0.20000000298 7.0 70.0 15.0 179.908753682 -657287949.8
42099330.174
4210510.62751 0.20000000298 7.0 70.0 15.0 179.908753682 -657287949.8
