Test: 299 relative to 0 in frame J2000. GM= 1172332800.0
JD, RP, ECC, INC, LNODE, ARGP, M0, T0
-------------------------------------
0.0
9734357.70076 0.00999999977648 2.09999990463 15.0 0.0 179.908753682 -657287949.8
5657995.14648
9734357.70076 0.00999999977648 2.09999990463 15.0 0.0 179.908753682 -657287949.8
11315990.293
9734357.70076 0.00999999977648 2.09999990463 15.0 0.0 179.908753682 -657287949.8
16973985.4394
9734357.70076 0.00999999977648 2.09999990463 15.0 0.0 179.908753682 -657287949.8
22631980.5859
9734357.70076 0.00999999977648 2.09999990463 15.0 0.0 179.908753682 -657287949.8
28289975.7324
9734357.70076 0.00999999977648 2.09999990463 15.0 0.0 179.908753682 -657287949.8
33947970.8789
9734357.70076 0.00999999977648 2.09999990463 15.0 0.0 179.908753682 -657287949.8
39605966.0254
9734357.70076 0.00999999977648 2.09999990463 15.0 0.0 179.908753682 -657287949.8
45263961.1719
9734357.70076 0.00999999977648 2.09999990463 15.0 0.0 179.908753682 -657287949.8
50921956.3183
9734357.70076 0.00999999977648 2.09999990463 15.0 0.0 179.908753682 -657287949.8
56579951.4648
9734357.70076 0.00999999977648 2.09999990463 15.0 0.0 179.908753682 -657287949.8
62237946.6113
9734357.70076 0.00999999977648 2.09999990463 15.0 0.0 179.908753682 -657287949.8
67895941.7578
9734357.70076 0.00999999977648 2.09999990463 15.0 0.0 179.908753682 -657287949.8
73553936.9043
9734357.70076 0.00999999977648 2.09999990463 15.0 0.0 179.908753682 -657287949.8
79211932.0508
9734357.70076 0.00999999977648 2.09999990463 15.0 0.0 179.908753682 -657287949.8
84869927.1972
9734357.70076 0.00999999977648 2.09999990463 15.0 0.0 179.908753682 -657287949.8
90527922.3437
9734357.70076 0.00999999977648 2.09999990463 15.0 0.0 179.908753682 -657287949.8
96185917.4902
9734357.70076 0.00999999977648 2.09999990463 15.0 0.0 179.908753682 -657287949.8
101843912.637
9734357.70076 0.00999999977648 2.09999990463 15.0 0.0 179.908753682 -657287949.8
107501907.783
9734357.70076 0.00999999977648 2.09999990463 15.0 0.0 179.908753682 -657287949.8
