Test: 399 relative to 0 in frame J2000. GM= 1172332800.0
JD, RP, ECC, INC, LNODE, ARGP, M0, T0
-------------------------------------
0.0
13599840.256 0.0 0.0 0.0 0.0 179.908753682 -657287949.8
9203544.6175
13599840.256 0.0 0.0 0.0 0.0 179.908753682 -657287949.8
18407089.235
13599840.256 0.0 0.0 0.0 0.0 179.908753682 -657287949.8
27610633.8525
13599840.256 0.0 0.0 0.0 0.0 179.908753682 -657287949.8
36814178.47
13599840.256 0.0 0.0 0.0 0.0 179.908753682 -657287949.8
46017723.0875
13599840.256 0.0 0.0 0.0 0.0 179.908753682 -657287949.8
55221267.705
13599840.256 0.0 0.0 0.0 0.0 179.908753682 -657287949.8
64424812.3225
13599840.256 0.0 0.0 0.0 0.0 179.908753682 -657287949.8
73628356.94
13599840.256 0.0 0.0 0.0 0.0 179.908753682 -657287949.8
82831901.5575
13599840.256 0.0 0.0 0.0 0.0 179.908753682 -657287949.8
92035446.175
13599840.256 0.0 0.0 0.0 0.0 179.908753682 -657287949.8
101238990.793
13599840.256 0.0 0.0 0.0 0.0 179.908753682 -657287949.8
110442535.41
13599840.256 0.0 0.0 0.0 0.0 179.908753682 -657287949.8
119646080.028
13599840.256 0.0 0.0 0.0 0.0 179.908753682 -657287949.8
128849624.645
13599840.256 0.0 0.0 0.0 0.0 179.908753682 -657287949.8
138053169.263
13599840.256 0.0 0.0 0.0 0.0 179.908753682 -657287949.8
147256713.88
13599840.256 0.0 0.0 0.0 0.0 179.908753682 -657287949.8
156460258.498
13599840.256 0.0 0.0 0.0 0.0 179.908753682 -657287949.8
165663803.115
13599840.256 0.0 0.0 0.0 0.0 179.908753682 -657287949.8
174867347.733
13599840.256 0.0 0.0 0.0 0.0 179.908753682 -657287949.8
