Test: 499 relative to 0 in frame J2000. GM= 1172332800.0
JD, RP, ECC, INC, LNODE, ARGP, M0, T0
-------------------------------------
0.0
19669121.3653 0.0509999990463 0.0599999986589 135.5 0.0 179.908753682 -657287949.8
17315400.1426
19669121.3653 0.0509999990463 0.0599999986589 135.5 0.0 179.908753682 -657287949.8
34630800.2851
19669121.3653 0.0509999990463 0.0599999986589 135.5 0.0 179.908753682 -657287949.8
51946200.4277
19669121.3653 0.0509999990463 0.0599999986589 135.5 0.0 179.908753682 -657287949.8
69261600.5703
19669121.3653 0.0509999990463 0.0599999986589 135.5 0.0 179.908753682 -657287949.8
86577000.7128
19669121.3653 0.0509999990463 0.0599999986589 135.5 0.0 179.908753682 -657287949.8
103892400.855
19669121.3653 0.0509999990463 0.0599999986589 135.5 0.0 179.908753682 -657287949.8
121207800.998
19669121.3653 0.0509999990463 0.0599999986589 135.5 0.0 179.908753682 -657287949.8
138523201.141
19669121.3653 0.0509999990463 0.0599999986589 135.5 0.0 179.908753682 -657287949.8
155838601.283
19669121.3653 0.0509999990463 0.0599999986589 135.5 0.0 179.908753682 -657287949.8
173154001.426
19669121.3653 0.0509999990463 0.0599999986589 135.5 0.0 179.908753682 -657287949.8
190469401.568
19669121.3653 0.0509999990463 0.0599999986589 135.5 0.0 179.908753682 -657287949.8
207784801.711
19669121.3653 0.0509999990463 0.0599999986589 135.5 0.0 179.908753682 -657287949.8
225100201.853
19669121.3653 0.0509999990463 0.0599999986589 135.5 0.0 179.908753682 -657287949.8
242415601.996
19669121.3653 0.0509999990463 0.0599999986589 135.5 0.0 179.908753682 -657287949.8
259731002.139
19669121.3653 0.0509999990463 0.0599999986589 135.5 0.0 179.908753682 -657287949.8
277046402.281
19669121.3653 0.0509999990463 0.0599999986589 135.5 0.0 179.908753682 -657287949.8
294361802.424
19669121.3653 0.0509999990463 0.0599999986589 135.5 0.0 179.908753682 -657287949.8
311677202.566
19669121.3653 0.0509999990463 0.0599999986589 135.5 0.0 179.908753682 -657287949.8
328992602.709
19669121.3653 0.0509999990463 0.0599999986589 135.5 0.0 179.908753682 -657287949.8
