Test: 599 relative to 0 in frame J2000. GM= 1172332800.0
JD, RP, ECC, INC, LNODE, ARGP, M0, T0
-------------------------------------
0.0
34917642.7136 0.145 5.0 280.0 90.0 179.908753682 -657287949.8
47893063.1386
34917642.7136 0.145 5.0 280.0 90.0 179.908753682 -657287949.8
95786126.2772
34917642.7136 0.145 5.0 280.0 90.0 179.908753682 -657287949.8
143679189.416
34917642.7136 0.145 5.0 280.0 90.0 179.908753682 -657287949.8
191572252.554
34917642.7136 0.145 5.0 280.0 90.0 179.908753682 -657287949.8
239465315.693
34917642.7136 0.145 5.0 280.0 90.0 179.908753682 -657287949.8
287358378.832
34917642.7136 0.145 5.0 280.0 90.0 179.908753682 -657287949.8
335251441.97
34917642.7136 0.145 5.0 280.0 90.0 179.908753682 -657287949.8
383144505.109
34917642.7136 0.145 5.0 280.0 90.0 179.908753682 -657287949.8
431037568.247
34917642.7136 0.145 5.0 280.0 90.0 179.908753682 -657287949.8
478930631.386
34917642.7136 0.145 5.0 280.0 90.0 179.908753682 -657287949.8
526823694.525
34917642.7136 0.145 5.0 280.0 90.0 179.908753682 -657287949.8
574716757.663
34917642.7136 0.145 5.0 280.0 90.0 179.908753682 -657287949.8
622609820.802
34917642.7136 0.145 5.0 280.0 90.0 179.908753682 -657287949.8
670502883.94
34917642.7136 0.145 5.0 280.0 90.0 179.908753682 -657287949.8
718395947.079
34917642.7136 0.145 5.0 280.0 90.0 179.908753682 -657287949.8
766289010.217
34917642.7136 0.145 5.0 280.0 90.0 179.908753682 -657287949.8
814182073.356
34917642.7136 0.145 5.0 280.0 90.0 179.908753682 -657287949.8
862075136.495
34917642.7136 0.145 5.0 280.0 90.0 179.908753682 -657287949.8
909968199.633
34917642.7136 0.145 5.0 280.0 90.0 179.908753682 -657287949.8
