Test: 699 relative to 0 in frame J2000. GM= 1172332800.0
JD, RP, ECC, INC, LNODE, ARGP, M0, T0
-------------------------------------
0.0
65334882.2528 0.0500000007451 1.30400002003 52.0 0.0 5.72957803669 -657287949.8
104661432.108
65334882.2528 0.0500000007451 1.30400002003 52.0 0.0 5.72957803669 -657287949.8
209322864.216
65334882.2528 0.0500000007451 1.30400002003 52.0 0.0 5.72957803669 -657287949.8
313984296.324
65334882.2528 0.0500000007451 1.30400002003 52.0 0.0 5.72957803669 -657287949.8
418645728.432
65334882.2528 0.0500000007451 1.30400002003 52.0 0.0 5.72957803669 -657287949.8
523307160.54
65334882.2528 0.0500000007451 1.30400002003 52.0 0.0 5.72957803669 -657287949.8
627968592.648
65334882.2528 0.0500000007451 1.30400002003 52.0 0.0 5.72957803669 -657287949.8
732630024.756
65334882.2528 0.0500000007451 1.30400002003 52.0 0.0 5.72957803669 -657287949.8
837291456.864
65334882.2528 0.0500000007451 1.30400002003 52.0 0.0 5.72957803669 -657287949.8
941952888.972
65334882.2528 0.0500000007451 1.30400002003 52.0 0.0 5.72957803669 -657287949.8
1046614321.08
65334882.2528 0.0500000007451 1.30400002003 52.0 0.0 5.72957803669 -657287949.8
1151275753.19
65334882.2528 0.0500000007451 1.30400002003 52.0 0.0 5.72957803669 -657287949.8
1255937185.3
65334882.2528 0.0500000007451 1.30400002003 52.0 0.0 5.72957803669 -657287949.8
1360598617.4
65334882.2528 0.0500000007451 1.30400002003 52.0 0.0 5.72957803669 -657287949.8
1465260049.51
65334882.2528 0.0500000007451 1.30400002003 52.0 0.0 5.72957803669 -657287949.8
1569921481.62
65334882.2528 0.0500000007451 1.30400002003 52.0 0.0 5.72957803669 -657287949.8
1674582913.73
65334882.2528 0.0500000007451 1.30400002003 52.0 0.0 5.72957803669 -657287949.8
1779244345.84
65334882.2528 0.0500000007451 1.30400002003 52.0 0.0 5.72957803669 -657287949.8
1883905777.94
65334882.2528 0.0500000007451 1.30400002003 52.0 0.0 5.72957803669 -657287949.8
1988567210.05
65334882.2528 0.0500000007451 1.30400002003 52.0 0.0 5.72957803669 -657287949.8
