Test: 799 relative to 0 in frame J2000. GM= 1172332800.0
JD, RP, ECC, INC, LNODE, ARGP, M0, T0
-------------------------------------
0.0
66687926.8 0.26 6.15 50.0 260.0 179.908753682 -657287949.8
156992048.397
66687926.8 0.26 6.15 50.0 260.0 179.908753682 -657287949.8
313984096.795
66687926.8 0.26 6.15 50.0 260.0 179.908753682 -657287949.8
470976145.192
66687926.8 0.26 6.15 50.0 260.0 179.908753682 -657287949.8
627968193.589
66687926.8 0.26 6.15 50.0 260.0 179.908753682 -657287949.8
784960241.987
66687926.8 0.26 6.15 50.0 260.0 179.908753682 -657287949.8
941952290.384
66687926.8 0.26 6.15 50.0 260.0 179.908753682 -657287949.8
1098944338.78
66687926.8 0.26 6.15 50.0 260.0 179.908753682 -657287949.8
1255936387.18
66687926.8 0.26 6.15 50.0 260.0 179.908753682 -657287949.8
1412928435.58
66687926.8 0.26 6.15 50.0 260.0 179.908753682 -657287949.8
1569920483.97
66687926.8 0.26 6.15 50.0 260.0 179.908753682 -657287949.8
1726912532.37
66687926.8 0.26 6.15 50.0 260.0 179.908753682 -657287949.8
1883904580.77
66687926.8 0.26 6.15 50.0 260.0 179.908753682 -657287949.8
2040896629.17
66687926.8 0.26 6.15 50.0 260.0 179.908753682 -657287949.8
2197888677.56
66687926.8 0.26 6.15 50.0 260.0 179.908753682 -657287949.8
2354880725.96
66687926.8 0.26 6.15 50.0 260.0 179.908753682 -657287949.8
2511872774.36
66687926.8 0.26 6.15 50.0 260.0 179.908753682 -657287949.8
2668864822.76
66687926.8 0.26 6.15 50.0 260.0 179.908753682 -657287949.8
2825856871.15
66687926.8 0.26 6.15 50.0 260.0 179.908753682 -657287949.8
2982848919.55
66687926.8 0.26 6.15 50.0 260.0 179.908753682 -657287949.8
